【目标期 2026199 · 报告日 20260728】
HE5             19 42 50 74 75
Trinity5        42 50 52 53 75
Trinity12       06 19 27 39 40 42 50 52 53 56 71 75
AI5             68 19 43 56 31
AI12            68 19 43 56 31 01 14 42 73 74 75 79
Golden          06 19 27 39 40 42 53 75
mRMR            12 39 75 42 30 18 69 10 27 19 06 46
纯净池高置信          01 15 02
纯净池旧规则          01 15 02 53 42 73 51
纯净池LR           01 15 02
纯净池全量           01 02 06 10 15 27 42 46 51 53 71 73
爆发Top5          27 12 06 53 65
防守Top3          46 24 55
跨规则共识           27 40
