【目标期 2026196 · 报告日 20260725】
HE5             19 30 40 46 47
Trinity5        15 30 40 46 50
Trinity12       06 15 26 27 30 40 46 47 50 51 63 75
AI5             19 37 40 47 52
AI12            19 37 40 47 52 64 70 07 08 15 30 46
Golden          15 27 30 46 51 75
mRMR            12 39 75 30 69 18 42 27 10 07 46 02
纯净池高置信          80 44 01
纯净池旧规则          02 42 32 51 46
纯净池LR           80 44 01
纯净池全量           01 02 17 32 35 42 44 46 51 71 75 80
爆发Top5          30 27 12 49 42
防守Top3          29 23 80
跨规则共识           27 40
