【目标期 2026198 · 报告日 20260727】
HE5             06 12 39 42 75
Trinity5        39 40 42 71 75
Trinity12       06 12 15 30 39 40 42 46 53 71 74 75
AI5             06 19 24 30 31
AI12            06 19 24 30 31 39 64 07 17 27 37 47
Golden          06 12 39 40 42 46 53 71 75
mRMR            12 39 75 30 18 42 10 69 27 06 46 02
纯净池高置信          01 15 02
纯净池旧规则          02 42 53 75
纯净池LR           01 15 02
纯净池全量           01 02 15 32 42 44 53 73 75
爆发Top5          27 30 12 42 49
防守Top3          29 23 80
跨规则共识           27 40
