【目标期 2026197 · 报告日 20260726】
HE5             06 39 40 42 50
Trinity5        30 39 40 42 71
Trinity12       06 15 30 38 39 40 42 46 63 68 71 75
AI5             14 39 40 03 06
AI12            14 39 40 03 06 29 48 51 54 66 04 08
Golden          06 15 40 42 46 75
mRMR            12 39 75 30 18 42 69 10 27 46 06 61
纯净池高置信          80 02 46
纯净池旧规则          80 02 46 75 42 29
纯净池LR           80 02 46
纯净池全量           02 06 23 29 30 42 46 53 75 80
爆发Top5          30 27 12 42 49
防守Top3          29 23 80
跨规则共识           27 40
