【目标期 2026201 · 报告日 20260730】
HE5             04 17 29 42 44
Trinity5        30 32 42 43 52
Trinity12       17 27 28 29 30 32 34 36 42 43 52 53
AI5             04 09 17 42 44
AI12            04 09 17 42 44 56 59 58 68 29 30 51
Golden           17 27 29 32 42 53
mRMR            12 39 66 75 42 29 69 18 27 30 06 53
纯净池高置信          15 02 53
纯净池旧规则          15 02 53 19 06 29
纯净池LR           15 02 53
纯净池全量           15 02 53 19 06 73 46 29 51
爆发Top5          30 21 42 70 29
防守Top3          24 64 35
跨规则共识           30 73
