date:2026-03-26,points:01 07 08 10 17 24 31 32 37 40 42 44 47 52 60 64 67 70 71 80
date:2026-03-25,points:01 04 05 07 12 17 24 27 32 40 44 49 54 57 60 64 70 71 79 80
date:2026-03-24,points:06 10 13 15 20 21 30 35 40 45 46 50 55 56 57 61 63 65 68 75
date:2026-03-23,points:01 04 07 10 12 17 24 30 31 32 39 40 44 47 49 52 55 60 64 80
date:2026-03-22,points:05 06 10 14 15 21 23 28 30 41 43 45 46 56 58 63 66 68 75 76
date:2026-03-21,points:05 08 10 15 16 20 21 30 33 38 40 45 55 63 65 68 70 71 75 76 
date:2026-03-20,points:10 11 13 16 18 25 26 30 38 41 42 46 50 51 55 58 62 70 75 80
date:2026-03-19,points:05 08 15 19 28 35 45 48 52 56 58 59 60 67 68 69 72 75 76 78
date:2026-03-18,points:01 05 07 10 12 14 15 17 20 24 27 40 44 47 49 60 70 71 72 80
date:2026-03-17,points:03 05 10 12 16 18 25 28 31 32 35 45 48 49 56 60 63 66 71 75
date:2026-03-16,points:08 09 17 20 25 29 32 37 40 42 44 48 59 66 68 72 74 75 79 80
date:2026-03-15,points:01 04 07 12 17 30 31 32 39 40 42 44 46 48 49 50 58 64 79 80
date:2026-03-14,points:05 07 09 14 18 20 22 24 29 35 38 39 40 46 52 54 59 67 72 80
date:2026-03-13,points:02 06 10 16 20 22 23 30 32 33 37 38 42 47 48 58 62 70 78 80 
date:2026-03-12,points:01 07 12 14 17 20 30 32 34 39 40 44 47 49 55 59 64 71 79 80


