date:2026-08-31,period:2026233,points:08 13 15 16 20 25 26 32 35 38 40 45 48 51 53 58 61 63 66 76
date:2026-08-30,period:2026232,points:02 06 14 24 26 32 34 39 49 54 59 60 62 64 66 67 70 74 79 80
date:2026-08-29,period:2026231,points:04 12 17 19 24 25 34 35 39 40 44 45 49 50 54 59 60 67 69 74
date:2026-08-28,period:2026230,points:03 07 13 16 27 35 40 47 48 55 56 57 60 63 67 68 73 76 77 80
date:2026-08-27,period:2026229,points:10 12 14 15 16 20 24 32 36 40 42 44 50 52 56 60 64 67 72 80
date:2026-08-26,period:2026228,points:03 06 10 13 15 16 18 21 30 31 38 46 48 50 53 58 61 62 70 78
date:2026-08-25,period:2026227,points:10 11 12 15 16 20 25 32 40 42 50 51 52 56 64 65 72 74 76 78
date:2026-08-24,period:2026226,points:10 12 14 16 22 24 29 30 35 38 42 44 50 54 55 57 70 72 74 80
date:2026-08-23,period:2026225,points:04 05 07 27 35 39 40 42 45 49 52 55 59 62 64 65 70 74 76 77
date:2026-08-22,period:2026224,points:04 05 14 17 18 19 25 30 34 35 39 45 49 51 58 60 61 62 64 69
date:2026-08-21,period:2026223,points:01 07 17 20 27 31 32 33 40 42 47 49 52 55 60 62 63 64 71 78
date:2026-08-20,period:2026222,points:03 05 06 07 10 11 15 17 31 35 40 43 45 46 55 56 60 61 70 71
date:2026-08-19,period:2026221,points:02 10 12 13 17 20 22 27 28 33 35 43 55 58 60 63 67 72 75 80
date:2026-08-18,period:2026220,points:07 09 17 19 20 24 25 27 31 44 47 50 54 55 60 62 70 71 79 80
date:2026-08-17,period:2026219,points:04 08 10 15 20 22 27 29 35 39 40 42 45 49 55 64 69 70 74 77
date:2026-08-16,period:2026218,points:05 10 19 20 24 30 34 35 37 40 42 52 54 60 64 65 67 70 74 79
date:2026-08-15,period:2026217,points:04 07 15 17 20 24 29 30 34 35 39 40 44 47 49 64 65 72 74 80
date:2026-08-14,period:2026216,points:01 13 15 20 21 25 26 30 40 41 45 46 51 58 60 61 70 71 75 76
date:2026-08-13,period:2026215,points:01 04 07 17 20 25 30 31 34 39 40 47 52 54 57 60 64 65 71 80
date:2026-08-12,period:2026214,points:03 13 14 16 19 20 28 34 35 36 43 45 48 50 54 56 60 65 75 80
date:2026-08-11,period:2026213,points:10 12 16 23 25 31 36 40 42 43 44 51 55 56 63 68 74 75 76 78
date:2026-08-10,period:2026212,points:02 06 10 16 22 28 30 38 42 45 46 48 52 53 55 57 60 70 78 80
date:2026-08-09,period:2026211,points:04 05 10 12 14 16 18 22 35 38 39 40 46 49 50 52 55 60 62 64
date:2026-08-08,period:2026210,points:01 02 07 12 16 17 20 31 32 38 39 42 44 46 47 60 64 70 71 80
date:2026-08-07,period:2026209,points:08 10 12 15 24 32 35 36 40 45 50 51 56 58 64 66 71 72 74 76
date:2026-08-06,period:2026208,points:01 04 05 12 17 20 31 32 35 39 47 48 49 52 60 64 69 71 75 79
date:2026-08-05,period:2026207,points:01 08 16 20 21 26 28 30 38 40 41 45 46 48 56 58 71 73 75 80
date:2026-08-04,period:2026206,points:02 08 16 18 22 30 32 38 42 48 50 58 60 62 63 68 70 75 78 80
date:2026-08-03,period:2026205,points:04 05 07 12 17 19 20 24 32 34 35 37 50 52 54 59 65 69 70 75
date:2026-08-02,period:2026204,points:01 12 13 15 16 17 20 21 24 31 40 44 47 49 60 64 71 72 75 76
date:2026-08-01,period:2026203,points:10 20 23 25 26 28 30 31 35 38 40 41 43 48 55 56 61 65 73 78
date:2026-07-31,period:2026202,points:01 04 05 07 10 17 20 24 31 40 44 45 47 60 64 70 71 72 79 80
date:2026-07-30,period:2026201,points:01 04 07 12 16 17 18 20 24 31 32 39 42 44 49 52 62 64 71 78
date:2026-07-29,period:2026200,points:06 15 16 18 20 22 23 38 40 46 47 48 57 58 63 70 73 76 78 80
date:2026-07-28,period:2026199,points:05 07 08 12 14 19 24 25 29 32 35 44 45 52 59 60 65 67 69 75
date:2026-07-27,period:2026198,points:06 10 13 16 27 30 36 38 40 43 46 48 50 58 60 62 70 77 78 80
date:2026-07-26,period:2026197,points:01 04 07 12 13 17 24 28 31 32 35 39 43 44 45 52 60 71 77 79
date:2026-07-25,period:2026196,points:03 11 22 23 25 26 27 28 40 43 45 47 50 53 55 63 68 73 76 77
date:2026-07-24,period:2026195,points:01 04 07 10 12 13 17 22 24 31 33 39 49 60 64 68 71 72 79 80
date:2026-07-23,period:2026194,points:05 15 17 20 24 32 35 37 39 42 45 49 55 60 64 65 67 70 75 79
date:2026-07-22,period:2026193,points:02 10 12 16 18 19 27 28 30 32 35 38 42 46 48 52 58 62 70 80
date:2026-07-21,period:2026192,points:03 06 11 15 17 20 21 23 35 36 40 41 43 48 50 61 63 71 75 76
date:2026-07-20,period:2026191,points:01 07 15 17 19 22 31 35 39 40 44 47 52 59 60 64 65 71 79 80
date:2026-07-19,period:2026190,points:10 11 13 15 20 21 22 23 25 33 35 41 47 48 53 55 58 70 76 78
date:2026-07-18,period:2026189,points:02 16 18 20 21 22 30 33 38 42 46 50 51 58 62 70 71 76 78 80
date:2026-07-17,period:2026188,points:01 04 05 07 10 17 24 30 31 40 44 47 49 52 54 55 64 71 77 80
date:2026-07-16,period:2026187,points:06 11 19 25 28 30 31 35 36 38 40 41 54 61 63 65 66 71 75 76
date:2026-07-15,period:2026186,points:03 06 16 27 28 30 38 40 42 43 45 48 50 56 58 60 62 70 77 80
date:2026-07-14,period:2026185,points:04 14 24 27 29 30 34 35 37 38 39 40 54 58 60 65 69 70 77 80
date:2026-07-13,period:2026184,points:01 13 15 20 23 25 26 30 33 40 43 45 46 51 53 55 61 65 66 75
date:2026-07-12,period:2026183,points:03 05 06 07 15 16 18 20 21 24 25 26 36 41 56 60 61 71 73 78
date:2026-07-11,period:2026182,points:03 12 13 16 28 32 35 36 40 48 52 56 59 60 67 68 69 76 77 80
date:2026-07-10,period:2026181,points:03 04 10 15 17 23 26 30 36 39 43 55 61 63 68 71 75 76 78 80
date:2026-07-09,period:2026180,points:08 10 11 15 20 25 30 33 35 40 48 52 55 58 61 66 68 69 71 78
date:2026-07-08,period:2026179,points:03 05 10 13 17 19 22 28 32 35 37 38 43 45 52 53 60 68 73 75
date:2026-07-07,period:2026178,points:02 05 06 08 13 15 23 26 30 31 35 36 43 48 56 70 72 73 75 77
date:2026-07-06,period:2026177,points:10 17 20 27 29 32 34 36 40 42 44 45 54 55 56 60 64 67 74 79
date:2026-07-05,period:2026176,points:06 08 10 11 13 15 16 20 21 31 33 36 40 46 53 56 58 66 70 75
date:2026-07-04,period:2026175,points:01 04 17 19 20 25 29 31 40 47 49 50 54 64 65 70 71 72 75 80
date:2026-07-03,period:2026174,points:06 08 10 15 18 20 30 36 38 40 45 46 48 50 55 58 60 65 78 80
date:2026-07-02,period:2026173,points:02 03 08 10 16 18 22 27 30 38 42 48 53 57 58 62 68 70 78 80
date:2026-07-01,period:2026172,points:03 10 13 16 20 24 28 32 36 40 43 44 52 56 60 68 70 74 76 77
date:2026-06-30,period:2026171,points:01 04 05 07 12 17 30 31 34 35 44 47 49 54 59 60 64 70 71 72
date:2026-06-29,period:2026170,points:03 10 16 18 22 30 32 33 38 42 46 47 50 55 57 62 67 70 78 80
date:2026-06-28,period:2026169,points:01 04 13 17 20 24 31 32 40 43 44 47 49 52 56 60 64 67 72 80
date:2026-06-27,period:2026168,points:01 06 08 10 11 13 20 24 26 35 40 45 51 55 56 60 70 73 75 78
date:2026-06-26,period:2026167,points:01 04 10 12 17 20 24 31 32 40 44 47 52 64 71 72 74 76 79 80
date:2026-06-25,period:2026166,points:01 15 16 23 25 31 38 41 45 46 50 51 53 55 56 60 65 70 78 80
date:2026-06-24,period:2026165,points:05 06 10 11 14 15 16 20 21 24 30 31 35 40 41 46 65 70 73 76
date:2026-06-23,period:2026164,points:01 03 04 10 15 20 21 24 30 31 32 38 44 50 51 65 72 74 76 80
date:2026-06-22,period:2026163,points:01 03 11 15 16 17 20 30 36 40 41 46 53 56 60 61 63 64 65 76
date:2026-06-21,period:2026162,points:01 04 07 12 17 20 23 25 28 32 47 49 52 57 64 71 73 76 79 80
date:2026-06-20,period:2026161,points:01 04 12 16 17 20 24 30 31 40 42 44 49 52 58 60 64 70 78 80
date:2026-06-19,period:2026160,points:02 03 15 16 18 22 30 32 38 42 46 48 52 57 58 60 62 70 78 80
date:2026-06-18,period:2026159,points:02 05 08 10 13 17 22 35 37 38 43 48 50 57 58 62 68 70 71 73
date:2026-06-17,period:2026158,points:06 11 21 23 25 27 30 31 35 36 39 40 41 43 44 46 50 51 53 60
date:2026-06-16,period:2026157,points:01 04 08 17 27 31 32 39 40 43 47 49 58 63 64 68 71 72 79 80
date:2026-06-15,period:2026156,points:05 08 12 19 20 27 29 32 34 35 44 47 49 52 57 59 64 65 69 75
date:2026-06-14,period:2026155,points:04 05 12 20 24 29 34 40 42 44 45 47 50 52 55 59 64 65 69 70
date:2026-06-13,period:2026154,points:07 10 13 25 28 30 36 41 43 44 46 50 51 54 63 68 70 71 73 76
date:2026-06-12,period:2026153,points:05 06 08 10 11 16 24 26 29 30 31 48 50 51 56 63 68 70 72 75
date:2026-06-11,period:2026152,points:04 10 12 14 16 20 22 27 30 38 39 40 54 59 62 65 70 74 75 80
date:2026-06-10,period:2026151,points:04 07 10 16 25 27 34 35 36 37 40 47 52 55 59 60 64 65 70 74
date:2026-06-09,period:2026150,points:01 04 07 12 16 17 18 22 24 30 31 38 47 50 60 62 64 70 78 80
date:2026-06-08,period:2026149,points:01 03 06 10 11 15 21 23 28 31 33 40 45 55 61 65 66 71 73 76
date:2026-06-07,period:2026148,points:04 10 13 20 25 27 28 34 35 39 40 45 59 60 65 68 70 76 77 80
date:2026-06-06,period:2026147,points:05 16 17 18 30 35 38 46 48 50 55 58 59 60 62 67 70 72 78 80
date:2026-06-05,period:2026146,points:04 07 12 16 17 18 20 22 32 39 40 44 47 49 58 62 64 71 72 78
date:2026-06-04,period:2026145,points:04 05 06 10 14 15 16 18 30 32 40 42 44 45 49 50 60 69 75 79
date:2026-06-03,period:2026144,points:01 07 15 20 24 31 32 35 39 40 44 47 52 59 60 69 71 77 79 80
date:2026-06-02,period:2026143,points:01 04 07 12 17 20 22 32 38 39 40 42 44 46 48 58 60 70 79 80
date:2026-06-01,period:2026142,points:03 08 13 15 16 20 35 36 38 43 50 53 56 61 67 68 75 76 77 80
date:2026-05-31,period:2026141,points:06 10 11 15 16 20 36 40 45 51 56 60 63 65 66 70 76 77 78 80
date:2026-05-30,period:2026140,points:01 13 17 20 24 31 32 39 40 44 45 47 49 52 60 67 68 71 77 80
date:2026-05-29,period:2026139,points:01 03 04 13 16 17 24 31 32 39 40 44 47 56 60 64 68 71 77 80
date:2026-05-28,period:2026138,points:12 16 18 24 30 32 36 38 46 48 52 56 58 62 64 70 74 76 78 80
date:2026-05-27,period:2026137,points:01 03 07 13 17 20 24 27 32 35 40 44 48 49 60 67 68 71 72 77
date:2026-05-26,period:2026136,points:10 12 14 24 30 32 35 36 40 44 45 49 52 55 56 60 64 72 75 79
date:2026-05-25,period:2026135,points:08 13 20 26 28 35 40 43 45 46 48 54 56 60 62 64 68 70 77 80
date:2026-05-24,period:2026134,points:10 11 16 20 21 30 31 33 35 40 45 46 51 55 56 58 61 67 70 71
date:2026-05-23,period:2026133,points:03 10 12 13 16 20 24 26 30 31 32 40 46 51 56 63 72 74 76 80
date:2026-05-22,period:2026132,points:02 07 10 16 18 19 20 25 35 37 40 44 49 54 55 64 65 70 74 80
date:2026-05-21,period:2026131,points:01 05 10 17 20 24 29 31 32 40 44 49 54 60 64 65 71 75 79 80
date:2026-05-20,period:2026130,points:10 15 29 30 34 37 39 40 42 44 50 52 54 59 62 64 69 74 76 79
date:2026-05-19,period:2026129,points:02 03 08 17 18 22 27 30 37 38 42 48 50 58 62 63 68 70 78 80
date:2026-05-18,period:2026128,points:01 08 15 16 25 32 35 40 41 43 45 46 51 53 55 58 61 65 70 75
date:2026-05-17,period:2026127,points:02 10 13 16 18 26 33 35 36 38 46 51 53 55 56 60 66 70 78 80
date:2026-05-16,period:2026126,points:10 12 13 15 20 21 23 25 30 31 36 40 43 46 56 60 65 66 70 78
date:2026-05-15,period:2026125,points:15 20 25 29 32 35 37 39 42 44 47 54 55 57 59 60 67 69 72 79
date:2026-05-14,period:2026124,points:01 05 07 15 16 20 23 25 26 31 38 40 41 45 47 55 56 61 71 78
date:2026-05-13,period:2026123,points:05 06 07 16 26 28 29 30 31 40 41 45 46 51 53 58 65 72 75 76
date:2026-05-12,period:2026122,points:01 08 12 17 18 20 24 32 39 40 44 47 48 49 50 64 66 72 79 80
date:2026-05-11,period:2026121,points:01 04 07 12 17 20 24 25 27 29 40 44 47 60 64 65 70 71 72 80
date:2026-05-10,period:2026120,points:04 05 06 07 10 19 22 24 29 35 37 39 40 42 44 47 54 55 59 64
date:2026-05-09,period:2026119,points:01 02 04 07 17 20 24 31 34 40 44 49 52 54 60 64 65 72 79 80
date:2026-05-08,period:2026118,points:02 03 05 06 13 16 18 22 30 38 48 53 58 62 68 70 72 77 78 80
date:2026-05-07,period:2026117,points:04 05 09 15 24 25 35 40 45 47 49 50 55 56 60 62 72 75 77 80
date:2026-05-06,period:2026116,points:03 07 16 18 22 28 33 37 38 40 42 45 53 55 60 65 67 68 72 78
date:2026-05-05,period:2026115,points:01 05 08 10 15 18 22 41 43 45 48 50 53 60 63 66 71 75 76 78
date:2026-05-04,period:2026114,points:01 03 10 13 17 24 27 31 33 39 40 44 49 52 60 63 64 68 78 80
date:2026-05-03,period:2026113,points:02 05 19 26 28 30 32 37 42 46 52 59 60 64 66 67 68 69 70 72
date:2026-05-02,period:2026112,points:03 05 10 11 15 21 26 30 36 40 41 45 48 51 55 61 63 71 75 80
date:2026-05-01,period:2026111,points:04 05 08 12 19 27 29 35 40 49 50 52 54 59 60 67 68 69 75 77
date:2026-04-30,period:2026110,points:02 07 08 13 17 18 20 21 23 28 38 45 47 48 55 57 58 65 67 71
date:2026-04-29,period:2026109,points:05 07 14 18 22 29 32 34 37 38 40 44 45 49 55 64 72 74 78 80
date:2026-04-28,period:2026108,points:01 04 07 12 16 17 20 24 32 36 40 47 49 52 56 64 71 72 74 79
date:2026-04-27,period:2026107,points:05 08 12 19 21 32 33 35 37 40 48 52 55 58 66 67 68 69 72 75
date:2026-04-26,period:2026106,points:01 03 04 07 13 17 20 24 27 28 31 32 40 43 44 49 52 56 60 71
date:2026-04-25,period:2026105,points:07 09 10 27 38 39 40 42 43 47 48 50 52 53 60 62 63 65 72 78
date:2026-04-24,period:2026104,points:02 06 13 16 18 20 27 30 40 42 43 45 46 48 58 60 62 67 77 80
date:2026-04-23,period:2026103,points:03 06 20 31 35 38 40 43 45 48 51 53 56 61 65 67 75 76 77 80
date:2026-04-22,period:2026102,points:02 13 16 18 22 27 30 36 38 40 43 48 56 58 62 70 76 77 78 80
date:2026-04-21,period:2026101,points:09 10 13 14 19 20 22 24 25 27 35 40 42 45 55 59 62 64 65 70
date:2026-04-20,period:2026100,points:01 08 11 15 16 21 26 28 29 35 36 39 40 45 46 50 55 71 76 80
date:2026-04-19,period:2026099,points:05 07 08 13 16 27 35 36 40 43 44 45 54 56 65 67 68 75 77 80
date:2026-04-18,period:2026098,points:06 08 16 18 22 27 30 38 42 46 48 50 52 53 57 60 70 72 73 80
date:2026-04-17,period:2026097,points:01 10 11 26 30 31 35 36 40 45 46 48 50 55 58 60 61 70 71 73
date:2026-04-16,period:2026096,points:04 12 16 17 22 24 30 31 40 42 44 46 48 49 52 60 62 70 78 80
date:2026-04-15,period:2026095,points:02 06 07 15 18 19 29 30 35 38 42 46 50 55 58 62 65 69 70 78
date:2026-04-14,period:2026094,points:01 12 16 17 18 20 28 39 40 44 49 52 56 60 64 66 68 71 72 80
date:2026-04-13,period:2026093,points:01 04 07 10 15 17 24 25 31 32 34 39 40 44 52 60 70 71 72 80
date:2026-04-12,period:2026092,points:01 03 04 10 17 20 22 27 33 44 49 52 55 60 62 63 71 72 75 79
date:2026-04-11,period:2026091,points:01 10 13 15 25 26 30 33 36 41 43 46 48 50 55 65 70 71 76 80
date:2026-04-10,period:2026090,points:02 10 14 15 19 22 26 30 34 37 40 45 47 49 52 64 65 67 70 79
date:2026-04-09,period:2026089,points:01 03 04 10 12 20 21 24 25 36 42 52 53 56 63 64 72 74 76 80
date:2026-04-08,period:2026088,points:01 02 04 17 27 28 31 32 42 44 47 52 53 57 60 63 64 72 75 80
date:2026-04-07,period:2026087,points:04 06 08 10 15 16 20 28 35 40 51 53 55 60 66 68 71 73 75 77
date:2026-04-06,period:2026086,points:01 06 10 11 14 15 16 20 21 24 25 31 39 40 51 65 66 75 76 77
date:2026-04-05,period:2026085,points:07 10 15 17 23 27 30 32 36 40 43 48 52 53 56 58 60 67 72 74
date:2026-04-04,period:2026084,points:03 06 11 16 17 21 25 26 28 31 36 41 45 46 50 56 58 61 65 76
date:2026-04-03,period:2026083,points:01 02 03 04 08 12 13 17 32 44 47 49 55 58 60 64 67 71 79 80
date:2026-04-02,period:2026082,points:03 04 10 16 20 23 31 35 36 40 43 45 48 49 50 51 60 66 71 78
date:2026-04-01,period:2026081,points:04 09 10 12 14 15 19 20 27 44 47 50 52 57 59 62 64 67 74 80
date:2026-03-31,period:2026080,points:02 05 10 16 22 32 37 38 42 48 52 58 59 60 62 68 70 75 78 80
date:2026-03-30,period:2026079,points:13 16 18 21 25 28 35 38 40 41 45 48 55 58 60 61 66 70 71 76
date:2026-03-29,period:2026078,points:04 09 12 15 17 20 27 32 37 40 43 45 49 54 62 67 74 75 77 80
date:2026-03-28,period:2026077,points:05 08 12 13 16 27 28 32 36 40 43 48 52 60 67 68 75 76 77 80
date:2026-03-27,period:2026076,points:05 08 10 11 13 18 20 33 36 41 45 53 56 60 61 65 71 73 75 76
date:2026-03-26,period:2026075,points:01 07 08 10 17 24 31 32 37 40 42 44 47 52 60 64 67 70 71 78
date:2026-03-25,period:2026074,points:01 04 05 07 12 17 24 27 32 40 44 49 54 57 60 64 70 71 79 80
date:2026-03-24,period:2026073,points:06 10 13 15 20 21 30 35 40 45 46 50 55 56 57 61 63 65 68 75
date:2026-03-23,period:2026072,points:01 04 07 10 12 17 24 30 31 32 39 40 44 47 49 52 55 60 64 80
date:2026-03-22,period:2026071,points:05 06 10 14 15 21 23 28 30 41 43 45 46 56 58 63 66 68 75 76
date:2026-03-21,period:2026070,points:05 08 10 15 16 20 21 30 33 38 40 45 55 63 65 68 70 71 75 76
date:2026-03-20,period:2026069,points:10 11 13 16 18 25 26 30 38 41 42 46 50 51 55 58 62 70 75 80
date:2026-03-19,period:2026068,points:05 08 15 19 28 35 45 48 52 56 58 59 60 67 68 69 72 75 76 80
date:2026-03-18,period:2026067,points:01 05 07 10 12 14 15 17 20 24 27 40 44 47 49 60 70 71 72 80
date:2026-03-17,period:2026066,points:03 05 10 12 16 18 25 28 31 32 35 45 48 49 56 60 63 66 71 75
date:2026-03-16,period:2026065,points:08 09 17 20 25 29 32 37 40 42 44 48 59 66 68 72 74 75 79 80
date:2026-03-15,period:2026064,points:01 04 07 12 17 30 31 32 39 40 42 44 46 48 49 50 58 64 79 80
date:2026-03-14,period:2026063,points:05 07 09 14 18 20 22 24 29 35 38 39 40 46 52 54 59 67 72 80
date:2026-03-13,period:2026062,points:02 06 10 16 20 22 23 30 32 33 37 38 42 47 48 58 62 70 78 80
date:2026-03-12,period:2026061,points:01 07 12 14 17 20 30 32 34 39 40 44 47 49 55 59 64 71 79 80
date:2026-03-11,period:2026060,points:04 07 12 15 17 20 22 24 29 30 32 34 35 42 45 55 57 65 75 79
date:2026-03-10,period:2026059,points:04 05 10 12 15 17 20 27 37 40 44 49 52 55 64 65 67 68 70 74
date:2026-03-09,period:2026058,points:10 16 18 22 30 32 40 42 44 48 50 52 56 58 62 64 70 72 78 80
date:2026-03-08,period:2026057,points:05 12 15 20 25 31 32 36 38 40 46 50 55 56 60 61 65 74 75 76
date:2026-03-07,period:2026056,points:04 09 10 14 19 25 35 39 44 45 47 48 49 57 64 65 72 74 75 79
date:2026-03-06,period:2026055,points:01 07 10 12 17 20 24 31 32 36 40 44 47 52 56 64 71 74 79 80
date:2026-03-05,period:2026054,points:01 07 17 20 24 30 31 32 35 39 40 44 47 52 57 59 60 70 71 80
date:2026-03-04,period:2026053,points:04 12 13 17 24 27 39 40 43 45 47 48 49 52 56 64 67 71 77 80
date:2026-03-03,period:2026052,points:03 10 13 20 28 29 30 36 40 43 45 48 54 56 64 67 72 75 76 77
date:2026-03-02,period:2026051,points:02 06 07 16 20 22 23 25 30 32 34 40 46 47 54 57 62 64 73 80
date:2026-03-01,period:2026050,points:06 13 15 21 23 26 28 30 36 45 50 51 56 60 61 66 68 70 71 73
date:2026-02-28,period:2026049,points:04 10 12 14 16 18 22 25 29 30 34 40 42 45 50 65 70 72 74 80
date:2026-02-27,period:2026048,points:08 15 20 23 28 33 37 40 43 47 48 50 53 57 62 68 76 77 78 80
date:2026-02-26,period:2026047,points:05 06 08 10 11 15 18 25 27 31 36 40 45 51 55 56 59 69 75 80
date:2026-02-25,period:2026046,points:01 04 07 10 17 20 24 25 29 30 32 39 40 49 50 54 59 60 71 77
date:2026-02-24,period:2026045,points:01 06 08 11 18 20 25 26 30 36 40 44 45 46 54 55 56 66 70 71
date:2026-02-13,period:2026044,points:05 06 13 21 26 28 30 35 36 40 43 48 56 61 65 70 76 77 78 80
date:2026-02-12,period:2026043,points:01 10 12 17 20 24 31 32 40 44 47 52 57 64 72 74 76 77 79 80
date:2026-02-11,period:2026042,points:02 06 10 12 14 16 24 30 32 36 40 42 44 46 52 62 64 72 74 76
date:2026-02-10,period:2026041,points:02 04 06 14 22 24 26 30 32 40 42 44 45 46 62 64 67 72 74 80
date:2026-02-09,period:2026040,points:05 10 14 15 17 20 24 29 32 35 37 39 40 45 54 59 60 62 64 74
date:2026-02-08,period:2026039,points:07 12 14 19 20 22 27 30 35 38 40 45 49 54 55 57 62 70 74 77
date:2026-02-07,period:2026038,points:03 08 10 16 24 27 35 40 42 43 44 45 52 56 57 59 60 67 76 80
date:2026-02-06,period:2026037,points:05 06 07 25 29 33 34 37 40 42 45 48 49 51 59 64 74 77 79 80
date:2026-02-05,period:2026036,points:02 07 13 17 22 23 25 28 32 35 37 40 42 47 48 52 65 68 72 77
date:2026-02-04,period:2026035,points:02 13 16 22 27 28 30 40 42 46 48 50 58 60 62 67 70 77 78 80
date:2026-02-03,period:2026034,points:01 04 07 12 15 17 34 39 40 44 47 49 52 60 64 65 69 70 72 80
date:2026-02-02,period:2026033,points:07 12 16 17 20 24 31 39 40 44 46 47 49 52 58 64 70 71 72 79
date:2026-02-01,period:2026032,points:07 08 10 12 19 27 32 37 40 42 52 56 59 67 68 69 72 74 76 80
date:2026-01-31,period:2026031,points:01 04 17 20 24 31 32 36 39 40 42 44 47 49 52 56 64 72 74 79
date:2026-01-30,period:2026030,points:01 02 10 15 16 18 30 31 35 38 40 43 50 58 60 61 62 65 66 75
date:2026-01-29,period:2026029,points:01 10 15 16 21 23 25 30 31 38 40 41 50 53 56 58 61 65 75 78
date:2026-01-28,period:2026028,points:06 10 11 18 21 25 28 31 33 38 40 46 48 50 51 63 70 76 78 80
date:2026-01-27,period:2026027,points:01 04 07 16 17 20 24 31 32 35 40 43 44 52 60 64 68 71 77 80
date:2026-01-26,period:2026026,points:01 07 10 12 14 17 24 27 30 31 39 40 44 49 52 57 60 64 70 71
date:2026-01-25,period:2026025,points:09 10 16 19 20 25 30 32 34 35 44 45 49 54 62 64 67 70 72 74
date:2026-01-24,period:2026024,points:06 10 14 15 30 31 33 35 36 38 41 42 55 56 58 60 61 63 66 80
date:2026-01-23,period:2026023,points:01 03 07 15 17 20 21 30 38 40 47 49 50 53 60 61 64 71 72 78
date:2026-01-22,period:2026022,points:02 06 08 22 23 30 33 42 46 48 50 53 58 62 63 68 70 75 78 80
date:2026-01-21,period:2026021,points:04 05 14 20 35 37 39 40 44 45 50 52 59 62 64 65 69 75 79 80
date:2026-01-20,period:2026020,points:08 10 14 16 18 20 28 30 32 40 48 50 52 56 60 62 66 68 78 80
date:2026-01-19,period:2026019,points:05 06 15 16 20 21 22 25 26 31 35 40 42 43 48 55 58 60 70 71
date:2026-01-18,period:2026018,points:02 03 05 06 08 11 23 26 31 35 36 38 40 42 46 51 53 61 66 72
date:2026-01-17,period:2026017,points:10 11 16 18 20 30 36 38 42 43 45 48 58 61 62 65 70 73 78 80
date:2026-01-16,period:2026016,points:01 10 16 20 24 31 32 39 40 44 47 49 52 56 64 71 72 74 76 79
date:2026-01-15,period:2026015,points:02 13 22 27 28 30 32 34 36 40 43 56 60 62 67 68 70 76 77 80
date:2026-01-14,period:2026014,points:06 08 13 15 25 30 40 41 43 45 48 55 56 61 63 66 68 75 78 80
date:2026-01-13,period:2026013,points:01 02 06 16 18 22 30 33 35 42 46 48 50 55 56 58 62 66 70 80
date:2026-01-12,period:2026012,points:05 06 10 13 15 16 18 25 26 33 35 40 48 51 56 58 65 72 76 78
date:2026-01-11,period:2026011,points:03 07 13 14 16 17 20 24 28 43 45 48 50 59 60 67 75 76 77 80
date:2026-01-10,period:2026010,points:07 10 14 18 20 29 32 40 42 44 45 47 48 49 50 52 55 65 69 75
date:2026-01-09,period:2026009,points:01 04 06 12 16 20 22 31 42 44 47 52 60 62 70 71 72 78 79 80
date:2026-01-08,period:2026008,points:10 12 14 15 19 24 29 30 37 39 40 42 49 50 55 60 65 70 79 80
date:2026-01-07,period:2026007,points:15 20 32 34 35 37 39 42 45 49 52 54 59 62 63 68 69 70 74 80
date:2026-01-06,period:2026006,points:04 10 12 15 20 24 27 29 34 35 45 47 52 54 60 65 67 70 72 76
date:2026-01-05,period:2026005,points:02 08 16 22 28 30 32 33 37 38 42 46 57 58 60 62 63 70 78 80
date:2026-01-04,period:2026004,points:01 10 17 20 24 25 29 31 32 44 47 49 60 64 67 69 70 72 79 80
date:2026-01-03,period:2026003,points:04 10 15 17 19 25 30 32 34 35 40 44 49 52 54 60 64 65 67 75
date:2026-01-02,period:2026002,points:01 07 08 17 23 24 28 31 32 33 40 52 55 58 60 63 64 71 72 79
date:2026-01-01,period:2026001,points:02 06 07 15 22 26 27 28 32 33 42 43 52 53 54 55 58 62 68 78
date:2026-01-10,period:2026000,points:01 05 10 15 18 20 21 26 28 33 45 46 48 50 60 63 65 68 70 80
date:2025-12-30,period:2025350,points:10 24 25 30 32 35 36 39 40 44 45 50 56 60 65 69 70 74 79 80
date:2025-12-29,period:2025349,points:01 04 07 11 15 17 20 24 36 39 47 49 51 58 60 65 70 72 79 80
date:2025-12-28,period:2025348,points:07 08 10 17 24 25 32 34 35 39 40 52 54 60 65 67 69 70 75 77
date:2025-12-27,period:2025347,points:04 13 14 15 17 22 24 27 30 34 39 43 44 52 56 57 59 60 65 67
date:2025-12-26,period:2025346,points:03 08 13 16 27 28 32 35 36 40 43 45 48 52 60 67 75 76 77 80
date:2025-12-25,period:2025345,points:01 02 10 18 20 21 26 30 31 36 38 50 61 63 65 66 68 71 75 78
date:2025-12-24,period:2025344,points:01 02 05 06 10 16 18 20 22 30 31 38 42 46 50 55 70 71 78 80
date:2025-12-23,period:2025343,points:17 23 27 30 33 37 40 47 48 50 55 57 58 62 63 65 67 68 75 80
date:2025-12-22,period:2025342,points:02 06 12 16 22 24 30 32 36 38 42 48 50 58 62 64 70 74 76 78
date:2025-12-21,period:2025341,points:01 08 15 16 20 25 26 35 36 40 41 45 50 55 56 60 65 71 75 76
date:2025-12-20,period:2025340,points:14 15 20 25 27 30 35 37 39 45 47 49 50 54 57 59 60 62 67 80
date:2025-12-19,period:2025339,points:01 07 17 20 30 31 32 34 39 40 44 49 52 54 60 64 71 77 79 80
date:2025-12-18,period:2025338,points:04 07 14 16 20 24 27 29 34 39 40 42 44 50 56 65 70 72 74 80
date:2025-12-17,period:2025337,points:10 11 20 21 31 33 35 36 40 45 46 50 51 55 56 58 61 66 76 80
date:2025-12-16,period:2025336,points:01 04 05 08 12 17 20 23 27 32 37 47 52 53 58 60 64 71 79 80
date:2025-12-15,period:2025335,points:01 04 07 12 15 17 20 24 25 29 32 34 40 44 47 49 62 64 72 80
date:2025-12-14,period:2025334,points:02 06 16 18 21 22 26 30 38 40 42 46 48 50 53 58 70 76 78 80
date:2025-12-13,period:2025333,points:01 03 07 08 17 20 24 32 33 40 44 49 52 60 64 71 72 75 79 80
date:2025-12-12,period:2025332,points:02 13 20 33 37 38 42 45 47 48 52 53 55 56 57 58 60 62 68 78
date:2025-12-11,period:2025331,points:01 05 06 08 10 11 15 20 25 31 33 35 36 40 45 50 51 55 56 78
date:2025-12-10,period:2025330,points:01 02 12 17 18 20 30 38 39 42 44 47 49 50 60 62 70 71 72 80
date:2025-12-09,period:2025329,points:06 10 11 16 18 21 26 30 31 40 43 48 51 55 56 58 61 70 71 76
date:2025-12-08,period:2025328,points:05 07 16 24 27 28 35 36 40 43 44 45 54 56 60 67 68 77 79 80
date:2025-12-07,period:2025327,points:10 12 14 17 24 29 34 37 39 40 44 45 52 54 59 62 64 69 70 79
date:2025-12-06,period:2025326,points:03 07 08 10 12 22 23 27 32 35 40 50 52 57 62 63 68 70 75 77
date:2025-12-05,period:2025325,points:10 14 16 27 28 31 35 36 38 41 50 55 56 61 63 65 70 75 78 80
date:2025-12-04,period:2025324,points:11 13 15 16 20 30 39 44 45 46 50 53 60 61 64 65 70 71 75 76
date:2025-12-03,period:2025323,points:05 06 08 13 15 21 26 27 33 35 46 53 55 60 61 65 66 73 75 76
date:2025-12-02,period:2025322,points:05 07 09 14 15 20 24 29 34 35 37 40 44 47 49 50 60 62 65 67
date:2025-12-01,period:2025321,points:05 06 10 13 18 20 33 36 41 44 48 50 56 58 65 70 71 72 73 78
date:2025-11-30,period:2025320,points:01 05 10 12 19 20 29 31 39 40 42 44 49 54 59 60 64 71 79 80
date:2025-11-29,period:2025319,points:08 10 16 20 26 31 33 40 41 45 50 51 55 58 61 62 63 65 71 73
date:2025-11-28,period:2025318,points:01 15 16 20 21 25 26 30 31 33 35 38 40 45 55 61 71 73 75 76
date:2025-11-27,period:2025317,points:03 08 13 16 20 28 35 38 40 43 45 48 50 53 56 60 61 67 76 77
date:2025-11-26,period:2025316,points:04 09 14 27 32 39 40 44 45 49 54 55 56 57 59 60 65 67 77 80
